nep4_zbl 2 Cu O 
zbl 1 2
cutoff 6 5 87 56
n_max 4 4
basis_size 8 8
l_max 4 2 0
ANN 50 0
 -1.9263282e+00
 -1.7852473e+00
  6.0429603e-01
 -2.3784466e+00
 -8.2125777e-01
  5.9719575e-03
 -2.5881975e+00
  1.1445138e+00
 -1.2080140e+00
  1.7524499e-02
  9.1544669e-03
 -1.0849282e-01
  2.0610306e+00
 -1.9873545e-01
 -1.2556854e-01
  3.7944943e-02
  1.3785913e-02
  1.8598168e+00
 -1.0590388e+00
  1.9175369e-02
  4.4713926e-02
  2.5634199e-01
  3.4116459e-01
 -7.0736086e-01
  1.4730176e-02
 -2.4422128e-02
  5.4294872e-01
 -3.0533404e+00
 -2.7727151e-02
 -9.4976462e-03
 -8.5593516e-01
  1.4538196e-01
 -1.8823304e+00
 -7.6537681e-01
 -1.8185126e-02
 -1.1665784e+00
  7.5369066e-01
  9.9419802e-01
  2.3088617e-02
 -4.5084752e-02
  6.8585533e-01
  7.3481172e-02
 -4.2584481e+00
 -1.4301767e-02
 -2.0475641e-01
 -2.0008152e-03
 -4.3058187e-01
  6.3801102e-02
  3.7885027e+00
 -1.9942265e+00
 -2.5933042e-01
 -4.7087530e-03
 -2.7329841e+00
 -7.3266961e-02
  2.6902116e-03
  5.9216646e-03
  3.6545296e-03
  1.9699575e-01
  8.1934743e-02
  5.2953261e-01
  1.0161954e+00
  2.4296751e+00
  1.8447523e+00
 -4.0405872e-01
  8.4775962e-02
 -1.0640731e-01
  3.5026479e-01
 -6.2186968e-01
 -6.3998044e-01
  1.2794836e+00
 -8.8310838e-01
 -8.9389068e-01
 -1.1838807e-01
 -4.0463668e-01
  1.4479996e+00
 -8.7566215e-01
 -4.5125091e-01
 -7.4925089e-01
  6.8132788e-02
  1.9023452e+00
 -3.5297179e-01
 -3.5441842e-02
 -3.9224496e-01
  2.1665609e-01
  3.0314248e+00
 -1.2820253e-01
 -1.2419896e+00
  5.6542361e-01
 -9.0968378e-02
  8.8657193e-02
 -3.1249521e+00
  1.1315452e+00
  3.6879988e+00
  1.0601388e+00
  2.1500722e-02
  9.1544684e-04
 -4.5861116e-01
  1.4343065e-01
  6.1221814e-01
  2.5550362e-02
  2.6207035e-03
  1.2856352e-01
 -2.7290702e-02
 -2.9891590e-02
  1.4527842e-01
 -4.7453362e-02
 -1.9787249e-01
  1.2278666e-01
  1.1399924e+00
 -1.5475683e-02
 -7.5363028e-01
 -2.2567980e-01
 -1.1373615e+00
 -2.1400969e-03
 -1.5907347e-01
  8.0034539e-02
  2.2624800e-02
 -1.6950899e-01
 -8.8542197e-03
 -5.1955745e-02
 -2.2722831e+00
  5.1712118e-02
  2.9281633e+00
 -2.7037957e-01
  7.1970150e-02
  4.2339612e-02
  1.0637169e-02
  3.4813024e-03
  1.5872585e-02
  1.0861080e-02
  1.2797174e-03
 -1.5789989e-02
  1.1571097e-01
  1.0909484e-02
 -7.0462115e-02
  2.9530305e-02
 -1.1851016e-01
 -4.8100372e-04
  2.1569658e-02
  9.6428293e-01
  1.0726812e-02
 -9.7742956e-03
 -4.6974531e-01
  2.4818404e-02
 -2.5726467e-01
 -1.5822483e-02
  2.9883184e-02
 -3.2923866e-02
  3.3337127e-02
 -2.6387769e-01
 -2.3610337e+00
  9.9074051e-02
  2.5014007e+00
  9.1943258e-01
  2.9364762e-01
 -3.0581221e-02
  1.2288944e+00
  1.7045315e-02
 -4.5556596e-01
 -9.4511434e-02
 -2.9911485e-02
 -1.7619776e-02
 -8.4128088e-01
  8.3408266e-02
 -1.5736289e-01
 -3.7532384e-03
  5.1634961e-01
 -2.3471506e-01
 -9.3968220e-02
 -2.2283597e-01
  5.7994433e-02
  4.4044378e-01
 -2.6145902e+00
 -9.1677529e-01
  7.3132083e-02
 -7.1190298e-02
  9.1218188e-02
  1.7882408e-01
  1.8055433e-02
 -9.9277914e-02
  3.1409559e-01
 -8.7456398e-02
 -2.4100887e-02
  1.6158752e-01
  1.0014490e+00
  7.5887330e-02
  1.2788039e+00
 -4.2159835e-01
  1.2934146e-02
 -1.3965259e-01
 -4.7779139e-02
 -3.4763774e-01
 -3.4070690e+00
 -1.4898455e-02
  1.6077936e-01
  2.3478281e-02
  1.8079853e-01
 -1.2349150e+00
 -1.6120275e-02
  5.2769342e-03
  4.6401620e-03
 -5.0899118e-01
 -7.5324702e-01
  9.8883897e-02
 -4.2902440e-01
  1.4443486e-02
 -1.3352065e-01
  1.5269184e-01
 -8.1170559e-02
 -2.8261164e-02
 -4.1947040e-01
 -6.9440567e-01
  2.5233012e-02
  2.2419263e-01
  5.7265121e-01
  7.3429696e-02
  1.2776412e-01
  2.0075936e-03
  7.2895929e-02
 -1.1815663e-02
 -3.8445543e-02
 -9.4869463e-03
  3.2524678e-01
  3.5035033e-02
 -1.1674752e-01
  1.2493820e-01
  1.6389487e-02
  2.0757535e-01
  1.8581433e-02
 -3.5186386e+00
  4.9774060e-03
  4.5087688e-02
  5.1700745e-02
 -2.2724142e-02
 -2.8456518e-02
 -1.5702864e-02
 -1.9738656e-02
  4.8846800e-02
  1.5250086e-02
 -2.7585009e-02
 -4.1251355e-01
 -1.0107964e-01
 -2.5150228e-01
 -2.2286996e-02
 -3.0528661e-02
 -7.3569790e-02
  7.1643605e-03
  9.2275016e-02
  1.3270921e-03
  1.0010827e-01
 -1.4382692e-01
  8.5970409e-02
  3.3649482e-02
 -1.0043976e-02
 -2.1855716e-02
  2.5565397e-02
  5.7091363e-02
 -1.0301165e-02
  5.7947170e-02
 -2.3801452e-02
  1.3137281e-01
 -3.7781853e-02
 -3.0856887e-02
 -9.1092214e-03
 -1.7873120e-02
  1.8815488e-02
 -4.6015680e-02
  1.8822953e-02
 -1.1225629e-01
  2.1820731e-02
  2.8217790e-01
 -4.3903449e-01
 -9.7523129e-01
  6.0197723e-01
  1.2306097e+00
  1.7397401e-01
  3.9546196e-03
  1.1334924e-02
 -6.7714624e-02
 -5.5755563e-03
  7.8016922e-02
 -4.3792102e-02
  1.2693316e-01
  9.9332935e-01
 -1.1294146e-01
 -1.4605416e-03
  5.9250962e-02
 -4.0674999e-01
  7.2225899e-02
 -2.4178892e-02
  2.3600125e-01
 -3.8130244e-04
  5.0248659e-01
  6.3596025e-02
 -1.2778360e-03
  9.7577907e-03
  1.8362539e-01
  1.0970286e-01
  1.0471324e-01
 -2.8123904e-02
 -1.4623678e+00
  2.8559691e-01
 -2.2830610e+00
  8.5044608e-02
 -6.5765274e-01
 -6.4964123e-02
 -1.2606014e+00
  6.6566646e-01
 -5.3005051e-02
  1.3221087e-02
 -4.3385338e-02
 -1.7026846e-01
 -4.9927214e-01
 -1.8827677e-02
 -6.3939959e-02
 -2.7453884e-02
 -1.0792782e+00
 -9.2412573e-01
 -1.3102025e-02
 -3.3673650e-01
  5.1581871e-02
 -2.3984349e-01
  3.1236827e-01
 -1.5760349e-02
 -5.2055275e-01
  3.9322555e-02
  5.8203113e-01
 -2.6336806e-02
  2.2982493e-02
 -7.2200531e-03
 -2.5428455e+00
  4.6127284e-01
  1.3521954e+00
  1.3829012e+00
  7.3042387e-01
  7.4558991e-01
  1.7943345e+00
  1.0566819e+00
 -1.3833182e+00
  2.8189713e-02
  1.2092437e+00
 -5.0155461e-01
 -9.4978833e-01
  4.0461665e-01
 -2.2250533e+00
  4.0107393e-01
  3.1797107e-02
  2.6897085e+00
  4.3751158e-02
 -1.9908301e+00
  2.5124671e+00
 -1.5985346e-01
  2.0809722e+00
 -2.9037815e-01
 -2.0444462e+00
  6.1899143e-01
  8.0404282e-01
 -9.6121550e-01
  2.3924501e-01
 -1.4747940e-01
  1.6304530e+00
  2.5323537e-01
 -1.7094731e-02
  6.9141239e-03
  3.0252570e-01
  6.2846206e-02
 -6.5704156e-03
  4.5715371e-01
  1.9542936e-02
 -1.6975546e-02
 -3.3031378e-03
 -8.3230042e-01
  4.2590052e-01
  5.6530181e-02
  3.2465883e-02
  8.0130436e-04
  1.5493977e-02
 -4.1945830e-02
  3.5263430e-02
  8.5406024e-03
  7.4966937e-02
  5.6552108e-02
  1.2160596e-03
 -3.8443141e-02
  4.8410587e-02
 -3.5979845e-02
  2.5299746e-03
 -6.5531656e-02
  2.5386501e-02
  2.1200873e-02
 -1.4501989e-01
 -3.3627879e-02
 -2.2268087e-01
  4.2990746e-04
  2.0711681e-02
 -1.0406478e-02
  1.7062575e-02
  1.7615819e-01
  4.5930780e-02
 -3.1549826e-01
 -3.8468190e-02
  6.6138789e-02
  7.6289126e-03
  1.7007876e-02
  1.9779872e-02
 -2.7772306e-02
 -1.6944746e-02
 -4.6967240e-03
  1.1849281e-02
  2.3825912e-02
  1.6608721e-02
 -4.0784277e-02
 -9.1763549e-02
  6.0825221e-02
  1.3052362e-01
  5.5268884e-02
 -1.0777808e-02
  4.4549647e-04
 -1.2817292e-03
 -6.8286225e-02
  7.8006673e-01
  4.9509892e-01
  5.8902848e-01
 -1.2515892e+00
  1.6896304e+00
  4.2971230e-01
  7.2596103e-02
  5.0733346e-02
 -4.9714424e-02
 -1.9561569e-03
 -3.7092544e-02
  5.6485243e-02
 -1.4471966e-01
  2.0451488e-02
 -5.1476527e-02
 -1.4045493e-02
  1.5372306e-02
 -9.2737436e-02
 -1.0790927e-01
  1.4585656e-01
  3.8078821e-01
 -2.3418922e-02
 -2.9333141e-01
  3.9748773e-03
  5.5933595e-02
 -2.2153434e-01
 -6.6233784e-02
  4.4106936e-01
 -3.2224312e-01
  8.8491261e-02
 -3.7682989e-01
  3.6721528e-01
 -8.7111092e-01
 -1.0979862e-02
  3.4364462e-02
  3.3096701e-02
 -9.0519434e-01
  6.5202555e-03
 -5.1782345e-03
  6.6445493e-03
  6.3679856e-03
 -4.8795059e-02
 -4.3102924e-02
  2.7111948e-02
  1.4724757e-01
  7.2874361e-01
  4.5637377e-03
  7.8271799e-02
  1.3483349e-02
  1.8010587e-02
 -1.2640357e-02
  1.5902340e-02
  3.2897044e-03
 -5.3336513e-03
  2.2959316e-02
 -9.7640054e-03
 -2.2834584e-03
  2.0988109e-02
 -1.5963137e-02
  1.4758610e-02
  1.7562342e-01
 -2.4749838e-02
  9.1917449e-01
  6.2199682e-02
 -1.0502357e-02
 -3.3134092e-02
  2.8756806e-01
 -2.5584241e-02
 -8.3811814e-03
 -6.6116944e-02
 -7.2985262e-02
  4.1809428e-02
  1.8927326e-02
  5.5967048e-02
  4.5625209e-03
 -1.2517792e-01
  1.1155413e-01
  1.1029815e-03
  1.0995148e-02
  9.2705907e-03
  4.0214178e-03
  2.4702271e-02
 -1.2839234e-01
  9.3508452e-02
 -6.0241960e-02
 -4.4647511e-02
  1.2827322e-01
 -4.8704810e-02
  2.6893259e-03
 -4.5760203e-02
 -2.0195778e-01
  2.3015102e-02
  9.9889463e-01
  1.0754379e+00
  1.3130824e-02
 -2.5168895e-03
  1.3619423e-02
 -8.3428444e-03
  9.8166224e-03
  1.7463997e-02
  3.5553165e-02
 -5.4909762e-02
 -3.4822839e-01
  5.7492506e-02
 -2.4379215e-01
 -1.9024976e-02
 -9.0843579e-03
 -2.7743552e+00
 -1.0036406e-01
  3.8218670e-02
  1.5099432e-02
 -4.9767129e-02
  2.1609800e-01
  7.7128977e-02
 -1.0058557e-02
 -7.6126620e-02
  4.6366982e-02
  2.2528846e-02
 -1.8890476e-02
  2.5791302e-02
  5.4671779e+00
 -4.4675447e-02
 -3.3756540e+00
 -1.0945525e+00
  1.1373312e-01
 -3.2928804e-01
 -4.7639199e-02
 -1.5712693e-01
 -1.7983522e-02
  6.7003053e-01
 -4.1274425e-01
 -4.7067246e-01
 -9.9346407e-02
 -6.1629719e-01
  1.1957196e+00
  1.5651713e-01
 -5.3016198e-01
  2.7254539e+00
 -7.2043246e-01
  1.8597462e+00
 -2.9422551e-01
 -5.0593638e-01
  1.6294488e-01
 -1.3625078e+00
  1.8815186e+00
  5.4054543e-02
 -5.3952765e-03
  1.0043201e-01
  1.0431915e-02
  3.5310663e-02
 -1.3031869e-01
 -4.7512427e-01
 -4.0326634e-01
  1.5622927e+00
  1.5823084e-01
 -5.5318209e-03
  9.3843907e-02
  8.9451617e-01
  7.2114808e-03
 -5.2672621e-02
  1.4283109e-02
 -3.6288500e-01
  3.6854008e-01
 -2.8248524e-02
 -4.9583262e-01
  1.3401899e+00
  4.0837143e-02
  7.8518301e-01
 -8.4013559e-02
  2.8378114e-02
 -6.8869221e-01
  1.4162938e-01
  1.1105040e-01
 -6.2753297e-03
  5.0737053e-01
  1.0332378e-01
  2.2350041e-02
 -2.7100023e-04
  8.1111610e-02
 -8.7872401e-02
  2.8888883e-02
  1.8221484e+00
  9.8080590e-02
 -1.1672898e-01
 -2.2852967e-02
 -2.3079216e-02
  1.4306637e-02
  2.5222510e-02
  6.3901864e-02
  2.9563142e-02
 -6.1764419e-03
 -5.3659253e-02
 -5.2124397e-03
 -1.4089344e-01
  5.9594840e-02
  4.6490118e-06
 -1.2557809e-01
 -2.3224002e-01
  1.2278933e-02
 -4.0039871e-02
  4.8955292e-02
 -3.1139156e-01
 -7.2557293e-02
 -2.1200972e-02
  4.4670783e-02
 -9.3570694e-02
 -4.6572331e-01
 -1.1311263e-02
 -1.0259911e-02
  1.9070283e-02
 -9.5727319e-01
 -5.5078112e-02
  1.2850566e+00
  1.9169770e-01
  9.2440173e-02
  4.3555830e-02
 -1.4637757e-02
 -3.2469532e-01
  6.7282263e-03
 -3.5433538e-02
  6.4370823e-03
 -5.5580232e-03
  1.7006610e-01
  1.6920846e-02
 -4.5842681e-02
  7.7227458e-02
  1.4828069e-03
 -3.2271296e-03
  8.3810285e-02
  7.4906358e-03
 -2.2991557e-02
  9.5304042e-02
  1.0375379e-01
  4.0920306e-02
 -4.8635196e-02
  3.9245926e-02
 -5.9345900e-04
 -6.9357967e-03
 -2.5243877e-02
 -1.3845044e-02
  8.1295997e-02
 -1.8480743e+00
  1.7414568e-01
  1.4631553e+00
  1.1066668e+00
 -5.2285343e-01
 -3.7756362e+00
 -1.0927341e+00
  1.5607598e-01
  1.7289001e-02
 -1.3174800e+00
 -3.1671154e+00
 -2.5935788e+00
  1.7137994e-01
 -5.1345646e-01
  2.2710495e-02
 -4.1889014e+00
 -3.4709203e-01
  2.4154039e-02
 -1.7771092e-01
 -4.7414083e-02
 -6.8854511e-01
 -1.1870834e+00
  4.4499665e-02
  1.3399166e-02
  2.3989225e-02
  4.1981274e-01
  1.6154443e+00
  1.0010108e-01
  4.6120871e-02
 -2.3476928e-01
 -9.0030752e-02
 -5.2158558e-01
  1.5816915e-01
 -7.3888298e-04
 -5.9769683e-02
  2.5041938e-01
 -5.5046871e-02
 -9.5893705e-01
 -3.4068581e-02
  1.4497569e-02
 -1.7709408e-03
  8.0189645e-02
  6.9814818e-03
 -1.7546710e-01
  6.4472586e-02
 -2.2571003e-02
  3.8572345e-02
  1.3684557e-01
  2.9149638e-02
  3.6786310e-02
  3.7154954e-02
  4.4096291e-02
  5.2676108e-03
  1.4070301e-02
  8.4885918e-02
 -2.2687848e+00
  4.7159947e-02
  1.0851196e-02
  1.0657302e-03
 -9.5877759e-03
 -1.1409305e-01
  8.2651138e-02
  5.5118937e-02
  1.2800092e-01
  2.9827518e-02
 -4.2791110e-03
 -4.8054818e-02
 -1.2121654e-02
  1.5430056e-02
 -1.2802648e-02
  4.9428573e-01
  5.2857155e-04
 -3.2559231e-02
 -7.9656072e-02
  3.9810069e-02
 -2.0838900e-02
 -5.3789202e-02
 -1.7900886e-02
 -1.9373363e-02
  2.6284620e-02
 -9.0765338e-03
  3.5972786e-03
  8.8085813e-05
  1.0647231e-01
 -1.7439047e-02
 -8.3809532e-02
 -4.6154384e-02
  9.0998653e-03
  6.6047027e-03
  6.0999136e-02
 -2.3036356e+00
  1.1415337e+00
 -1.4951676e-01
  6.2238473e-01
  7.2941357e-01
  3.0734679e-01
 -4.5390680e-01
  1.1656806e-02
  1.6763210e-01
  1.3042429e-02
  9.5565206e-01
  2.9761076e+00
  1.5666915e+00
 -2.8024834e-01
 -1.0693496e+00
  1.9751767e-02
 -1.4302682e+00
  8.6924052e-01
 -4.6177801e-02
 -1.8923007e+00
 -1.3832142e+00
 -1.0178634e+00
  2.6885480e-01
 -3.7484607e-01
  9.9474762e-04
 -2.3141800e-01
 -1.3793840e+00
  1.5980490e-02
 -2.0562248e-02
 -5.4433715e-01
 -8.7647237e-02
 -2.2334555e-01
  6.2877774e-02
  5.7771455e-02
 -6.2948628e-03
 -2.6325716e-02
  4.5403135e-03
  5.9947832e-03
 -4.8124980e-02
 -2.4348387e-02
  6.7146026e-02
  6.9034420e-02
 -3.8804911e-02
  1.7426534e-04
  2.7152186e-02
 -1.9388139e-02
 -1.5450682e-01
 -2.0667616e-02
  8.9410193e-02
 -4.8176832e-02
  8.2106364e-01
  4.5882050e-02
  6.5208107e-02
  8.2047887e-02
  4.2624649e-02
  9.3682844e-04
  5.7995599e-02
  6.0832731e-02
  4.9095791e-02
  3.7727610e-03
 -1.0271577e-02
  7.9723239e-02
  8.3946176e-03
 -8.5262112e-02
  3.1343238e+00
  1.1928145e-02
  5.9556840e-03
 -3.4452539e-02
  3.5539158e-02
 -7.5745129e-04
 -2.0261925e-02
 -1.5305927e-01
  7.2124600e-02
 -2.5614701e-02
 -2.7975196e-03
 -2.1369517e-02
 -1.9636539e+00
  1.1845550e-02
 -8.3138607e-03
  4.2119808e-02
 -6.3802317e-02
 -1.5105672e-02
  1.2609372e-01
  1.3211617e-02
 -6.8563461e-02
  3.8457371e-02
 -3.7621327e-02
 -7.7827796e-02
  7.0124194e-02
  4.8124185e-01
 -5.8412552e-01
  2.1163378e+00
  3.3082008e-01
  1.3431006e-02
 -3.9860830e-02
  5.7641953e-01
 -3.4575477e-01
 -2.5370377e-01
  1.5657306e-01
 -4.5289464e-02
  8.9863531e-02
  2.9211003e-01
  1.7141093e-02
 -1.1169972e-04
 -6.0283961e-03
  1.7671980e-01
  2.1151847e-01
 -8.0583123e-03
 -7.2149927e-04
  1.0330235e-01
  2.8990472e-03
  3.5998914e-02
  1.5078738e+00
  6.7667034e-03
  8.3961170e-03
 -3.7126508e-01
 -1.0400333e-01
 -1.1728738e-02
 -2.5143877e-03
 -3.7876984e-01
  5.1167931e-02
 -2.2580089e-01
 -3.1320229e-02
  1.3697501e-01
  9.9869240e-03
  4.9670632e-03
  2.4655201e-02
  8.1529720e-03
 -8.9315176e-02
 -2.0509783e-02
  7.0445329e-02
 -9.1465958e-04
  4.9589008e-02
  1.5141778e-02
 -2.9419260e-02
 -1.6081380e-02
  1.8556101e-02
  4.4164579e-02
 -8.2190789e-02
  1.3894855e-02
 -1.2721592e-01
  4.3953594e-02
 -1.5144250e-03
 -5.0909348e-02
  3.4213282e-02
 -2.9626887e-02
 -6.1413702e-02
 -6.2459186e-03
  3.5696968e-02
  2.5684433e-02
 -2.2789848e-03
  1.5551199e-02
  6.3872166e-02
  1.1499438e-02
  5.1459949e-03
  8.0545256e-03
 -7.2815388e-01
  3.5033911e-02
 -3.9416165e-03
  2.2270810e-02
  1.7177290e-03
 -1.1410668e-01
  9.1615915e-03
 -5.7478860e-02
 -1.7769009e-02
  1.1685397e-02
  2.2606943e-02
 -5.5073868e-02
 -9.5190788e-03
  1.9184995e-02
  2.9791830e-02
  2.5848437e-02
  1.9874882e-02
  9.8514855e-03
 -8.5299779e-03
  1.2286153e-02
 -1.4095224e-02
 -4.0089628e-03
  2.7708542e-02
 -1.0707223e-01
 -4.1434988e-01
 -1.5961835e-01
  2.7377275e-01
  5.0450200e-01
  2.1792470e-02
  3.5966884e-02
  6.2437621e-03
 -5.2301060e-02
 -5.5039222e-03
 -3.6200900e-02
  3.4249581e-02
  1.5251401e-01
 -4.8367763e-03
 -5.5146780e-02
 -7.0340842e-02
  4.9271327e-02
  7.6263890e-02
  2.9526696e-02
 -1.1019144e-02
  5.8649937e-03
  1.6888821e-01
  1.0175756e-01
  3.5970468e-02
 -7.2373897e-02
  1.1592706e-02
 -2.8943043e+00
 -5.0241791e-02
  2.1342905e-01
 -7.2361335e-02
 -1.9684048e-01
 -6.1128546e-02
 -5.0640297e-01
 -8.4929176e-02
  6.1186537e-02
  7.6834727e-03
 -6.1898162e-03
  8.7163329e-02
 -9.0303998e-03
  3.5765935e-02
  5.1943868e-02
  3.8516439e-02
  1.4970766e-01
 -2.8465716e-02
 -6.9884121e-02
 -2.5385946e-02
 -1.3429305e-01
 -8.2907584e-03
 -4.0339764e-02
 -1.4409470e-02
 -4.0766563e-02
  3.4513872e-03
 -4.2169008e-02
  2.2828390e-03
  9.7974418e-03
 -2.0381892e-02
  3.3470765e-02
 -1.9125104e-02
 -8.6792216e-02
  8.9481242e-02
 -3.1691968e-01
 -9.2911679e-01
  8.7021589e-01
 -1.3951222e+00
  8.0087143e-01
  1.8772184e+00
 -1.0530429e+00
  1.1003473e+00
  1.9449661e+00
 -2.8726390e-01
  9.2577523e-01
 -3.2094917e+00
  2.1115034e+00
  2.6557825e+00
 -8.6861336e-01
  1.7880967e+00
 -1.2407348e+00
  3.6202723e-01
  3.3560405e+00
 -1.1233069e+00
  2.8589401e-01
  1.0445592e-03
  6.4285457e-01
  2.4334984e+00
 -5.8498591e-01
  3.1867748e-01
  4.3203345e-01
  9.2325009e-02
  3.6988109e-02
 -4.9351566e-02
 -8.4714174e-01
  6.2835313e-02
 -6.6155869e-01
 -1.1383173e-01
 -1.2824282e-01
 -2.3730826e-01
  2.0378287e+00
 -1.1380479e+00
 -2.4836269e-01
  3.0690086e+00
 -2.9501656e-01
  1.2881482e+00
 -1.9722301e+00
 -6.2867202e-02
  3.4761876e-02
 -2.0192565e-01
  1.2957449e+00
 -6.3720441e-01
 -4.0188724e-01
  6.0697768e-02
 -7.2955489e-02
  3.3834882e+00
 -6.6672301e-01
 -1.8027115e-01
 -4.4210604e-03
  2.2910964e-03
 -2.8359896e-01
  6.0191553e-02
 -1.5647789e-02
 -1.1972028e-02
  5.2996624e-01
  9.4754800e-02
  1.9867544e-01
  3.0719338e-02
 -3.2199785e-02
  2.0713178e-02
 -2.5307173e-02
 -4.0933203e-02
  1.4435566e-02
  7.0142232e-02
 -1.1630314e-02
 -2.6241155e-02
 -9.2402831e-02
 -3.6284916e-02
 -2.3822213e-02
  5.6301816e-03
  9.9988878e-03
 -2.3739636e-02
  1.5478724e-02
 -1.2612035e-02
 -4.4806609e-03
  1.9015891e-02
  1.2476296e-02
  2.0671796e-04
 -3.6770906e-02
  1.4432481e-02
 -6.9679290e-02
 -9.3931146e-03
  4.3983113e-02
  1.9131182e-02
 -5.9481609e-01
  5.2834445e-01
  3.7972906e-01
  7.6256180e-01
 -1.0495503e+00
 -4.5778606e-02
 -1.1171452e+00
  2.4705723e-02
 -3.8619882e-01
  3.6675870e-02
 -4.3532979e-02
 -1.1157413e-01
 -1.3130932e+00
  5.0780887e-04
  2.2867066e-03
  1.2851179e-01
 -3.9116111e-01
  3.2746491e-01
 -9.8532863e-02
 -2.3770053e-02
  1.4883097e-01
 -9.7791511e-01
  4.7971547e-01
  4.2305231e-02
 -6.3483231e-02
  2.7903920e-02
  2.0670282e-02
  1.0643343e-01
  5.1841892e-02
  9.4693683e-02
  1.1245733e+00
  2.1063314e-01
 -1.5910162e+00
  9.0123791e-01
 -4.7334039e-01
  5.4374691e-02
 -7.7787474e-05
  6.2720084e-01
 -1.5460613e-01
  5.6359376e-04
 -1.5257542e-01
 -1.1833092e-01
 -1.1343756e-01
 -2.6943132e-02
  1.8438317e-02
 -2.5982824e-01
 -1.5673785e-02
 -5.5213302e-02
 -3.7314585e-01
  1.3526011e-01
 -5.2209359e-01
 -6.6293919e-01
 -6.5014768e-01
 -1.2221011e-02
  4.0803322e-01
  1.1279043e-02
 -8.4105516e-03
 -1.6741751e-02
 -6.4251117e-02
  1.1536047e-01
  1.7741621e+00
 -4.9037433e-01
  2.0296292e+00
 -1.3464452e+00
  2.5656962e-01
  2.0658734e-01
  1.1148576e+00
 -1.9278729e+00
 -2.9690817e-01
  1.6185261e-02
 -3.2995024e-01
  2.4305643e-01
  1.4627033e+00
 -2.7444860e-02
  3.2652968e-01
 -3.0750927e-01
 -6.1872029e-01
  3.0179334e-01
 -2.2081224e-02
  1.6130021e-01
 -6.0134571e-02
 -1.1948500e+00
  9.4299048e-01
  1.1569242e-01
 -4.7947861e-02
  1.4514880e-02
 -8.9044994e-01
  4.7235866e-03
 -2.6122063e-02
 -6.6494946e-03
 -8.2296795e-01
  2.2264635e-02
  9.2678927e-02
  1.3395504e-02
 -5.3852536e-02
 -6.3836060e-02
 -9.4833970e-02
 -4.1265026e-02
  4.6079662e-02
  4.7912497e-02
  1.3088914e-02
  2.3542880e-03
 -2.0229584e-03
 -5.9139531e-02
  4.3881902e-01
 -2.9607981e-02
  1.0194492e-01
 -1.5846927e-02
  2.4967901e-02
  1.5820611e-02
  3.6954630e-02
 -4.7104391e-03
 -4.5340892e-02
  1.8434692e-02
  8.8650966e-03
 -2.6936729e-02
 -1.7883169e-02
  4.8929471e-01
 -4.4922806e-02
 -2.0053001e-02
  8.4249038e-01
  5.3309556e-03
 -6.3898605e-01
 -3.3321292e+00
 -1.4632209e-01
 -1.1396465e-02
  7.9331882e-02
  6.5732783e-01
 -1.9867619e-02
  4.7141383e-03
  1.4821270e-01
  1.0199374e+00
  9.2288774e-01
 -7.6465987e-02
  4.5668986e-02
  2.0946294e-01
  1.8234614e-01
 -4.8437942e-02
 -3.9280046e-02
 -4.6199758e-02
 -6.4672120e-02
 -5.6605231e-02
 -4.2319158e-03
 -3.7694234e-01
  8.4622927e-02
 -2.3782205e-02
 -8.7749558e-03
  4.6122637e-02
  2.2851309e-02
 -8.1024781e-02
  4.6460775e-01
  7.9341370e-01
  1.1952369e+00
 -7.5747907e-01
 -1.2281235e-01
  2.5467950e-01
 -2.2247665e-01
 -1.4559020e+00
 -1.0573462e-01
  1.5104681e-01
 -1.6672486e-01
 -3.6462925e-02
  7.1834838e-01
  5.4549225e-02
  1.6513176e-01
 -4.8484743e-01
 -2.8590268e-01
 -1.0037122e+00
  4.5094900e-02
  8.0019226e-03
 -1.4966602e-02
 -4.0265849e-01
 -5.1273182e-02
  6.9315750e-03
 -1.1315373e-01
  2.5277030e-02
 -2.1607906e-01
 -8.3423583e-03
 -4.1011548e-01
 -5.1613014e-02
  2.5363800e-01
  3.4652415e-01
 -1.3514477e-02
 -4.1245869e-01
 -1.0274402e-01
  4.7753185e-02
 -6.6210084e-02
  2.3912732e-02
 -1.3294706e-02
 -8.8543743e-03
 -1.1980394e-01
 -2.5419489e-02
  2.8274328e-01
  1.2543840e-02
  4.2966858e-02
 -1.9389708e-02
 -1.1203785e-02
 -5.3407662e-02
  6.3641548e-02
 -3.1948343e-02
  8.0569154e-03
  2.3931772e-02
  7.2544277e-01
  1.6126860e-02
  7.8862347e-04
 -8.8141300e-02
 -1.9281980e-02
 -1.4050277e-02
 -2.1281090e-02
  2.8832572e-02
 -9.4580770e-02
 -5.8291000e-01
 -4.0062780e+00
 -6.8904811e-01
 -9.1218007e-01
  2.8412409e-02
  1.2165247e+00
  2.3216731e-03
 -9.4817378e-02
  1.6522592e-04
 -3.3954790e-01
  1.6379831e+00
  2.4475803e+00
  1.5466351e-02
 -4.9741317e-02
 -5.2177018e-01
  8.7198000e-03
 -6.0755037e-02
  7.4971288e-02
 -5.1093433e-02
 -1.5868725e-01
  4.5416594e-01
  1.2782986e+00
 -3.3675607e-02
 -1.1191754e+00
 -1.0296853e+00
 -2.5435165e-03
 -1.5455393e-01
  4.5941882e-02
  2.5758658e-02
 -5.8989131e-01
 -2.9430225e-01
  9.0546809e-02
  2.4343807e-01
  3.3554169e-03
 -9.9676788e-02
 -3.2324187e-02
  1.9569639e-02
  8.8802733e-02
 -1.5429673e-02
  7.3421977e-02
  7.2325580e-02
  2.3233798e-01
  1.9209869e-02
 -2.2288330e-02
  2.1060616e-02
  2.1058116e-03
 -3.9639596e-02
  2.3269188e-02
 -7.6581719e-03
 -1.1071265e-01
  6.1389819e-02
  4.8620412e-03
 -1.8576859e-02
  2.9266704e-02
 -8.7061683e-03
 -3.3811308e-02
  7.2336666e-02
  2.4267260e-02
 -4.0093330e-01
 -7.7283299e-01
 -7.6772696e-01
 -3.8760930e-02
  1.9400303e-01
 -9.5793344e-03
  6.1227765e-02
  6.1187251e-03
  1.7514393e-02
  5.3853031e-02
 -1.1255798e-03
  1.2603311e-01
 -7.2937012e-02
  7.9070957e-04
 -2.6631717e-02
 -1.0505606e-02
  1.4343478e-01
  5.1973633e-02
  1.0168336e-01
 -3.7525573e-03
 -2.2786720e-02
 -4.6259727e-02
  1.9652626e-01
 -2.3604114e-02
  4.9700332e-03
 -3.8138412e-02
 -1.1752885e-01
 -9.2747742e-03
 -1.5484572e-03
  4.5331898e-03
 -5.3354066e-02
  2.0282326e+00
 -6.2905625e-02
  4.2822275e-01
 -4.6314611e-03
  1.7037718e-01
  1.3276948e-01
  1.7900038e-01
  7.4149303e-02
 -8.7720649e-03
  3.7534587e-02
  3.9256245e-01
  1.1041308e-02
  1.3354415e-01
  1.6655022e-02
  1.3062142e-02
  4.2869143e-02
 -7.5027178e-04
 -2.1913920e-02
  9.7670704e-02
 -3.5331585e-02
 -5.7670780e-02
 -7.5500451e-02
  1.3820549e-02
 -5.2939537e-03
  5.4672863e-03
  2.7438769e-02
 -2.6997203e-02
  8.5270062e-02
  9.9996654e-03
 -1.3254378e-02
  5.5444086e-01
 -1.0265166e+00
  1.0542080e+00
  1.4518160e-01
  1.1808318e+00
 -1.2393727e-01
  1.5351207e+00
 -9.2368186e-01
 -3.3444792e-01
 -5.2761286e-02
 -1.8310395e-01
  9.5024192e-01
 -4.5415177e+00
 -2.4508970e-02
  1.7772710e-01
 -1.3866632e-01
  6.0108906e-01
  8.1504971e-01
 -3.7086734e-01
  8.0445632e-02
  5.9160435e-01
  8.9292312e-01
  1.7074467e+00
 -4.9651284e-02
 -1.4184614e+00
 -8.2015729e-04
 -5.9644930e-02
  3.1729391e-01
 -2.9045532e-02
  4.1278325e-02
  1.3094214e+00
 -2.2840655e+00
  1.7190841e-01
  2.6507837e-01
  1.3062464e+00
  1.9056101e-01
 -2.5590697e-01
 -1.3056875e+00
  5.8465049e-02
 -2.5411549e-01
  2.4500928e+00
  1.3111986e+00
  9.9004132e-01
 -3.7492208e-02
 -8.5772252e-01
  1.9488683e+00
  1.1647713e-01
  9.0920097e-01
  1.0921960e-01
 -5.7377476e-01
  3.6742121e-01
 -6.9296819e-01
  1.7300792e-01
  4.0657574e-01
 -1.6515102e-02
  5.2415353e-01
  1.0480907e+00
  7.1181697e-01
  2.7308650e-03
 -4.3783866e-02
  2.8720758e+00
  4.0849459e-01
 -1.6367116e+00
  9.6782267e-01
  3.4234554e-01
  6.7936458e-02
 -1.5077174e+00
  8.1928182e-01
  1.6079478e+00
 -6.3742357e-01
  1.5173233e-01
 -4.1145748e-03
 -2.0585954e+00
  1.2874418e-01
 -4.5372974e-03
 -7.4179238e-01
 -1.1004229e+00
 -8.7004587e-02
  3.5741967e-01
  3.3091221e-02
 -1.0630076e+00
  2.4839246e-01
 -3.6402583e-01
 -2.3756470e-01
 -1.3212067e+00
 -2.2435222e-02
  1.8262716e-02
  4.0294342e-03
 -7.8154184e-02
  7.6887836e-03
  5.6741947e-01
  4.4083017e-01
  1.6278247e+00
 -9.7402483e-01
  2.1705859e+00
  1.8988574e+00
 -1.6797924e+00
  1.5601436e+00
  1.4391128e+00
 -1.7685443e+00
  4.1584721e-01
  3.5855669e-01
 -1.9281049e+00
  2.1333582e+00
 -8.3219111e-01
  1.9402272e+00
 -2.0891464e+00
  1.9287659e+00
 -1.7194531e+00
  9.8962343e-01
 -8.1835163e-01
  1.8980798e+00
  1.6840278e-01
  7.7160919e-01
  6.0336602e-01
  2.2372017e+00
  1.7086719e+00
 -1.3019677e-01
 -3.8132405e-01
  1.2530067e+00
 -1.1608675e+00
  1.8537743e+00
  2.4886672e+00
  8.5352790e-01
 -1.8910449e+00
 -1.2895348e+00
 -1.8334500e+00
 -1.5172554e+00
  5.4114366e-01
  2.1235838e+00
 -1.6268101e+00
 -6.5594487e-02
 -1.5491046e+00
 -1.3529431e+00
  7.0801061e-01
 -1.5110992e-01
  2.9791811e-01
  1.4596096e-02
  1.4732120e+00
 -9.0257978e-01
 -5.0110054e-01
  2.4010513e+00
 -8.0515176e-01
  1.0125066e+00
  5.1722527e-01
  1.1116041e+00
  3.0119416e-01
  1.1515063e+00
  3.4238791e-01
  1.4685434e+00
  2.2574742e+00
  9.7147834e-01
 -2.0466785e+00
  9.0311462e-01
 -8.4760439e-01
  1.8113538e+00
 -1.0674740e+00
 -2.9658023e-01
 -3.9261277e+00
  5.6859648e-01
 -2.2694087e-01
  6.3340241e-01
  2.3502363e-01
  1.5476342e-01
  7.2393477e-02
  1.0131507e+00
  9.2425001e-01
 -6.1725620e-03
 -7.6234853e-01
  1.9425075e-01
 -1.0359681e-03
  8.0408096e-01
  2.3982117e+00
  7.8101557e-01
 -7.3436058e-01
 -3.7198818e-01
 -9.1060501e-01
 -1.0636382e+00
 -4.8020494e-01
 -9.7702116e-01
  1.6834486e-01
 -3.5411471e-01
 -6.4985478e-01
 -2.0628090e-01
  1.5630870e-01
  9.0520613e-02
  8.4983595e-02
 -6.4125645e-01
  7.6461786e-01
  1.0693008e+00
  4.5105410e-01
  5.0517404e-01
  5.6024599e-01
  9.6025310e-02
 -8.8569887e-02
 -1.5706700e-01
  1.0345627e+00
  4.1827403e-02
  5.2101845e-01
 -3.0766651e-03
  1.4082524e-02
  3.2434326e-01
  9.7507738e-02
  1.9813094e-01
  1.1178961e-01
  4.9256487e-03
  1.2614290e+00
  5.3576522e-02
 -3.6949094e-03
 -3.9445001e-01
 -1.2337973e-02
 -1.1184675e+00
  1.4004906e-01
  4.6267365e-03
  9.6798707e-03
  1.0362750e-02
  6.6357004e-03
 -4.0784497e-02
 -5.0586771e-02
  1.5766107e-02
  5.5896536e-02
  1.8964488e-02
  2.6811978e-01
 -3.4597881e-02
  1.5682206e-01
 -3.1865381e-02
  1.9633610e-02
 -1.6276920e-01
  2.1305062e-02
  3.7607096e-02
  1.0091282e-02
  1.6802091e-02
 -1.1196308e-02
 -1.4598523e-02
  4.8060760e-02
  1.8776784e-02
  1.3746473e-01
  2.2309041e-02
 -6.5051526e-02
  3.9127581e-02
  1.3038328e-01
  2.1868771e-01
 -1.8213262e-01
  1.0898114e-01
  1.1018369e-02
  3.2312065e-02
  3.8084496e-02
 -4.9688295e-02
  3.1026851e-02
  4.0517371e-02
 -2.0751240e-02
 -1.2152115e+00
  1.0733777e-01
 -7.2234077e-03
  4.4140854e-01
 -2.8787151e-03
  1.8752385e-03
  1.7277626e-02
  3.5930198e-02
  1.5183889e-02
 -4.0844805e-03
  1.5367213e-01
 -1.9329425e-03
  2.7085647e-01
 -2.8166851e-02
 -2.8844429e-03
  3.5987124e-01
  2.2898097e-01
  1.0791004e-02
 -4.7284067e-03
 -7.4190055e-03
  3.4247957e-02
 -6.7059904e-02
 -3.4261543e-02
 -9.7723473e-03
 -2.9467320e-02
  5.4064777e-02
  9.0919156e-03
 -6.1304336e-03
  3.1927880e-02
 -1.1364358e-02
  2.5651431e-01
 -5.3543597e-01
 -1.3558299e-02
 -2.0926008e-01
  7.1407342e-03
 -7.5979188e-02
 -1.6521858e-02
  4.2766281e-03
 -1.8354837e-02
  1.2983091e-02
 -3.7147230e-01
  1.4876632e-02
  5.4991841e-03
  1.8957466e-02
 -5.6449780e-03
 -8.3343759e-02
  9.7704735e-03
  6.4330176e-02
  1.0081282e-02
  5.6734730e-02
 -3.0175295e-01
  2.4628032e-02
 -6.2558249e-02
 -1.2038007e-02
  4.1143842e-02
  5.7416791e-03
 -2.3075089e-02
  1.1680359e-01
  8.1898790e-04
 -3.7080464e-01
  1.7005533e+00
  1.1744755e-01
  2.8233886e-01
 -5.1916826e-01
  3.4748376e-03
 -1.5916282e+00
  6.9721252e-02
  1.3805459e+00
 -4.4939560e-01
 -5.8352564e-02
 -1.0485473e+00
  1.3991170e-01
  7.4568212e-01
 -3.4295630e-01
  5.1465929e-01
 -2.7265861e+00
  2.4779582e-02
  3.5159945e-02
 -9.1885638e-01
 -1.3246663e-02
  8.9406163e-02
  3.0014122e-01
 -1.9231319e-01
 -4.2222660e-02
  1.3316181e-01
 -2.2641306e-01
 -1.1440094e-02
  2.6849757e-03
 -2.8936744e-02
  3.6162887e-02
  2.2514057e+00
 -3.6672438e-03
  1.4569311e-02
 -4.4375369e-01
 -1.0247466e-02
  2.7439556e-01
  1.0853934e-03
  1.3835816e-02
 -4.2951021e-02
  4.5998562e-03
 -6.9810474e-01
 -7.1404823e-03
 -2.2610193e-01
 -1.0119070e-01
 -3.5047010e-02
 -9.4717872e-01
 -1.6677487e-01
  5.1598486e-02
  1.2967135e-01
  1.1255300e-02
 -7.8054532e-02
 -1.9316470e-02
  7.4333310e-02
 -7.8371838e-02
 -1.6700419e-02
 -3.1698372e-02
  1.1296476e-02
  1.5145646e-02
 -7.9330672e-03
  8.1523305e-01
 -1.8399039e-01
  5.6140757e-01
  3.4048656e-01
  1.8260974e-01
 -1.8792976e-01
  4.5560074e-01
  3.0349724e-02
  5.5137479e-01
  1.6743664e-01
  1.7407520e-02
  9.2226732e-01
 -6.1508913e-02
  7.7449954e-01
  6.4917427e-01
 -3.0242902e-01
  2.0861127e+00
  1.9048370e-02
 -4.0215086e-02
 -3.7733102e-01
 -2.1415597e-02
  1.3606105e+00
 -1.0831143e-01
 -5.2888691e-03
  7.6245993e-02
 -3.9149430e-02
 -5.3746365e-03
 -1.0311035e-01
 -9.2070224e-04
 -7.2721787e-02
 -6.1892737e-03
 -1.6638685e-02
  2.5289772e-02
 -8.6858958e-02
  7.5604796e-02
 -4.2056336e-04
 -5.7143560e-03
  1.4023441e-02
 -1.5735107e-02
  4.7907468e-02
  2.0545829e-02
 -1.8590482e-02
 -2.9525692e-03
 -2.6611408e-02
  6.3015200e-02
  1.6019262e-02
  8.2502350e-02
 -3.0838115e-02
  6.5911179e-03
 -4.5590810e-02
  2.4659183e-02
  1.2653136e-01
 -5.3675774e-02
  3.1915464e-02
 -2.1325223e-02
  6.1048977e-03
  5.8357539e-03
  1.2521647e-01
 -1.0589077e-02
 -3.6203790e-02
  8.3841339e-02
 -3.2633317e-01
 -4.1614412e-03
  2.1875569e-01
  2.3874088e-01
 -5.1041238e-02
  5.8872204e-02
  6.1300443e-03
  1.4516123e-02
  2.5954494e-02
 -1.5422510e-01
 -7.0638821e-02
  6.5398244e-03
 -1.0244308e-02
 -1.2682167e-02
 -4.3494210e-02
 -3.5809141e-03
  1.8467722e-02
 -5.6099053e-02
 -4.1222747e-02
 -5.0856460e-02
  1.1904955e-01
 -1.8730193e-02
  2.4081882e-02
 -1.4844939e-02
  5.8539826e-02
  1.4553440e-02
  2.1257989e-02
  2.9722577e-02
 -2.6230428e-02
 -1.6826054e-02
  5.3057331e-01
 -5.4849684e-03
 -1.5001297e-02
 -1.4738919e-01
  2.2213859e-02
 -6.6137411e-02
 -7.8926403e-03
 -1.4408907e-01
 -1.4093268e-02
 -5.6418297e-03
 -1.4742344e-02
  2.0498771e-02
  1.3726328e-02
  1.4644181e+00
 -1.5136406e-02
 -6.0508311e-02
 -2.0543145e-02
  8.1837684e-02
  2.0550212e-02
  1.4328311e-02
 -4.2649832e-02
  4.0248897e-02
  1.1256496e-02
 -5.8618385e-02
  1.1942415e-02
 -1.7092984e-02
  1.6983149e-03
  1.8268522e-03
  1.6413009e-02
  1.2342799e+00
 -1.7511008e+00
  1.3080783e+00
  7.9416074e-02
  1.2759169e+00
 -5.5208687e-02
  1.5662137e+00
 -1.8420682e+00
 -1.9946733e-02
 -4.0606659e-02
  1.9195400e-03
  1.6822715e+00
 -4.5718235e-01
 -4.1433219e-02
 -7.7575773e-02
 -5.2372977e-02
  1.7272112e+00
 -8.2740289e-01
 -8.0534264e-02
  5.6333985e-02
 -1.2258877e-01
 -8.0004103e-02
 -1.6266064e-01
  1.8814681e-02
 -2.3239045e-03
 -1.1186799e-03
 -4.2453009e-01
  4.2698323e-03
 -1.0401305e-02
 -9.1321645e-03
  3.2121921e-01
  3.7334587e-02
 -5.7675159e-01
 -1.5418301e+00
 -4.6237701e-01
  4.8554567e-01
  1.7483033e+00
 -1.7079511e+00
 -1.2849883e-02
  2.3144713e-02
 -2.9421231e-01
  1.6184627e+00
 -7.4729836e-01
  1.4981849e+00
 -2.2255281e-02
  3.0627866e+00
 -1.7121015e-01
 -8.2404721e-01
  7.7031535e-01
  1.2411093e+00
 -1.8841794e-01
  8.1736661e-02
 -4.3770802e-01
  1.2343708e+00
  6.4453483e-01
 -2.1169549e-02
 -4.6879849e-01
 -2.1303488e-01
 -1.0499003e-01
  2.2532989e-01
  2.0277505e-01
 -1.2276666e-01
 -3.6929087e-03
  7.3746361e-02
  1.0560235e-01
 -6.1550965e-03
 -1.3285470e-02
  5.1473379e-02
  1.0549509e-01
 -3.6546735e-03
 -4.2698272e-02
  1.5572508e-01
 -1.4674886e-02
 -6.0648378e-02
  1.4162733e-01
  2.1991853e-02
  1.8138364e-02
 -4.0022019e-02
  3.8436182e-02
 -3.8446151e-02
  9.5737293e-02
  5.3632278e-03
  2.4486307e-02
 -2.2419287e-02
  6.0906742e-02
  9.2078552e-02
  1.5395654e-02
  3.3913512e-02
 -6.4376807e-03
 -2.5187271e-02
 -2.6001990e-01
  4.4686791e-01
 -2.0091655e+00
  2.6630005e-02
 -2.9116464e-01
 -2.6166291e+00
  5.8185995e-01
 -2.0098381e+00
  1.1272203e+00
  1.0685418e+00
 -2.6246133e-01
  1.0510145e+00
 -1.7667277e+00
  3.3033121e-01
  4.6660131e-01
  1.3697980e-02
  4.6941814e-01
 -1.5845041e+00
  2.5538034e+00
  1.7237108e+00
 -3.5213363e-01
  1.5013217e+00
 -4.9882931e-01
  5.5116471e-02
  1.0723788e+00
  1.0701525e-01
  1.1315099e+00
 -1.5650598e-02
 -1.0487757e-02
  3.3091102e-02
 -9.9363494e-01
 -2.3039104e-01
 -1.2843035e+00
  9.1174738e-03
 -3.5847950e-01
 -3.8019677e-03
 -1.4371898e+00
  9.2688251e-01
 -1.7341433e-02
  2.4418846e-02
 -7.5145006e-02
 -1.6358155e-01
 -2.1882245e-02
 -3.8029999e-02
 -1.9172172e-01
 -7.0854910e-02
 -4.1229656e-01
 -1.1062996e-02
 -5.4709092e-02
  7.2420999e-02
 -2.1992311e-02
  3.8780782e-02
  8.3408441e-04
 -4.1339885e-02
 -6.7091333e-03
 -2.3690056e-02
  5.2637599e-02
 -6.1273385e-02
 -1.7693599e-03
 -9.5329117e-03
  2.8469210e-02
 -1.0429653e+00
  2.5445384e-01
  1.7983146e-02
  3.1749505e-01
 -3.7411531e-03
  1.7971249e-01
 -1.5443764e-02
  1.0782940e-02
  9.2040487e-02
  2.7123315e-03
  2.9928175e-01
 -3.1128479e-02
  1.6360594e-01
  9.1132671e-02
 -7.9065515e-03
  5.6764424e-01
  2.6626058e-02
  2.5001321e-02
 -1.0956620e-02
  1.7161793e-01
  1.5162501e-01
  6.7487592e-03
  2.2726864e-02
 -1.9715822e+00
  5.2535906e-03
 -2.6148805e-02
  2.0628568e-02
  4.5823354e-02
  3.1914551e-02
 -1.1639274e-01
  1.6282516e-02
 -1.7846637e+00
  4.7109461e-01
  6.8317014e-01
 -2.2924872e-01
 -8.7528810e-02
  4.5915473e-01
  1.6051933e-02
 -1.5290941e-01
  1.9692406e-01
 -7.5327754e-02
  4.4176243e-03
 -8.8883927e-03
 -8.1989348e-01
 -4.3210122e-03
 -9.9285865e-01
 -2.2656705e-02
 -1.8188380e-02
  7.1635745e-02
  1.6553447e-01
  9.8318933e-03
  1.1412234e-02
 -1.0124549e-03
 -1.4768811e-01
 -8.8341698e-02
  4.5217499e-02
 -7.4996509e-02
  2.6029621e-03
  1.8448748e-02
 -5.5649720e-02
  9.4707012e-01
 -1.0226852e-01
  6.0951156e-03
 -5.1597323e-02
  6.4306413e-03
  1.1007265e-02
 -9.0488018e-03
 -3.4180507e-02
 -2.5478177e-02
 -1.4333459e-02
 -2.3443259e-02
 -6.8257503e-02
  1.8658418e-02
  8.2731498e-03
 -2.6640624e-03
 -1.8268240e-03
  5.3466978e-03
 -3.0940985e-02
 -1.3252900e+00
 -1.3374474e-02
  1.0302561e-02
  7.2717965e-02
 -4.3628998e-02
  5.2829612e-02
  1.7477287e-03
  4.5682553e-02
  3.5760246e-02
  1.3741091e-02
  8.8846847e-02
 -3.5864629e-02
  2.2372761e-01
  9.0287306e-04
 -1.4021309e-02
 -1.7711304e-01
  1.4839708e-03
 -1.9934455e-02
  8.8278234e-02
  5.3052977e-02
 -4.5094002e-02
  1.1791772e-02
 -1.3420188e-01
 -4.5657504e-02
 -4.0347446e-02
 -5.0004842e-03
  5.7781581e-02
 -8.1119575e-03
  2.1886699e-02
  4.1333721e-03
 -6.4862803e-02
 -2.5709202e+00
  3.3532765e-02
  1.2977365e-02
  1.7000154e-02
  3.4750499e-02
  7.2890529e-03
  1.7123487e-02
  4.8929919e-03
 -6.9251075e-02
  2.6513645e-02
 -5.1165271e-01
  1.6197670e-02
  4.0473514e+00
  5.5548161e-01
  8.7831959e-02
 -2.1190854e-02
 -9.1656053e-01
  1.8136924e-02
 -2.6374421e-01
 -2.4051644e-02
  6.4416212e-01
  1.7006104e+00
 -1.6974356e+00
 -4.1011546e-02
  3.9998107e-02
 -1.8765900e+00
  1.2937475e+00
 -4.6324167e-02
  1.9439608e+00
 -2.2497943e-01
 -6.0101785e-02
  1.4310398e+00
 -4.6013522e-01
 -6.0364830e-01
  1.9701634e-02
  1.1319118e-01
  1.8976295e-01
  7.0907082e-03
 -7.9937838e-03
  1.9124931e-02
 -1.4073043e-01
  6.0792905e-01
 -1.2677419e-01
  4.8222762e-02
 -3.4714726e-01
  4.7687560e-02
 -7.1570106e-02
 -1.9809371e-03
  3.0442014e-02
  4.9404159e-02
  9.3999051e-04
 -1.6670108e-01
 -2.4226189e-03
 -1.1038727e-02
  1.4091575e-02
  8.1611648e-03
 -2.2657780e-02
 -1.2797117e-01
 -1.1302340e-02
  1.1633427e-01
  1.2214254e-02
 -5.6590657e-03
  1.7387901e-02
 -2.1603175e-03
 -2.0022685e-02
 -1.8791055e-02
 -1.1106222e-02
 -1.9760432e-03
 -3.0987887e-03
 -1.0695509e-02
 -2.9627271e-03
 -2.4307323e-01
 -1.4497837e-02
 -2.5244616e-02
  2.9835480e-01
  2.1216478e-02
  8.4312409e-02
  5.0107945e-02
  1.6949860e-02
  1.4538298e-02
  7.6736972e-02
  2.8762527e-02
  1.7000556e-02
 -4.7897384e-02
  7.0985067e-03
 -1.6212903e-02
  2.5039619e-01
 -3.1277910e-02
  2.8250993e-03
 -1.3103173e+00
 -6.1315075e-02
  1.3288131e-01
  1.5443845e-03
  2.8438205e-02
 -2.4887264e-02
 -6.7090571e-02
  9.2699286e-03
  1.7280139e-02
 -3.4244493e-02
 -1.1446853e-02
 -1.7240083e-02
 -1.5401259e-01
  3.2565698e-01
 -4.3029398e-01
 -3.5762358e-01
  6.0563093e-01
 -5.0370216e-01
 -1.1824908e-01
 -3.2296351e-01
 -3.6904983e-02
  7.5355507e-02
  2.6605961e+00
  5.2472060e-03
 -4.3629285e-02
 -5.9479233e-03
 -1.4777897e-01
  1.1807476e+00
  1.4965817e-01
 -7.6274209e-02
  5.1590306e-01
 -3.1282675e-02
  3.0768030e+00
 -2.5151048e-02
 -1.5314324e-01
 -4.2003676e-02
  2.8822901e-02
 -8.7141693e-01
 -3.1822525e-02
 -1.0458377e-02
  5.7815444e-02
 -1.5956110e-03
  1.7304493e+00
  5.4580245e-02
 -5.8079846e-03
  5.7411003e-01
  4.8317975e-01
  2.0996144e+00
  1.0973975e-02
 -6.8779635e-01
 -3.7976667e-01
 -8.9858538e-03
  2.6724238e+00
 -5.4146983e-02
 -3.3708712e-01
  1.4454640e-02
 -4.5748256e-02
  1.7671820e+00
  1.5138389e-03
 -1.6132029e+00
  7.1960405e-02
 -2.4888139e-02
  8.6489224e-01
 -1.7606387e-01
 -7.6391898e-02
 -4.1768868e-02
  6.4063035e-02
  1.1603189e+00
 -3.6880497e-02
  9.4489967e-03
  7.4822451e-03
 -4.2130309e-01
 -9.2945206e-01
 -1.8617598e+00
 -9.7822124e-01
 -2.6093352e+00
  2.7912815e+00
  2.1042945e+00
  2.1739750e+00
 -1.3762167e+00
  2.9817888e-01
  2.0351564e-03
  3.4681950e+00
  5.2420503e-01
  8.5873932e-01
  2.1721399e+00
  2.1812775e+00
  1.2499909e+00
 -8.3407652e-01
 -4.0693206e-01
  2.9661704e-02
  1.4514560e-01
 -8.0490285e-01
  1.3966973e+00
 -5.1595271e-01
 -4.2876977e-02
 -1.3483258e-02
 -1.2430094e+00
 -2.5565224e-02
 -5.4438528e-02
  3.5500565e-01
 -1.3028769e+00
  2.7568066e-01
 -1.9474049e-01
 -1.1778589e+00
 -1.1244862e+00
  2.0477049e-01
  1.0545057e+00
 -2.3419653e-01
 -6.0813087e-03
  2.5245074e-02
 -2.6755339e-02
 -1.8153380e+00
  7.8127581e-01
 -3.8915586e-01
 -1.0632542e-02
  4.7221921e-02
 -8.8397855e-01
 -1.8385123e-01
 -3.3871570e-01
 -5.4893643e-02
 -4.0734656e-02
  1.8623171e+00
  1.4584721e-02
  2.5957353e-02
 -6.4520933e-02
 -3.5718125e-03
  9.9334627e-02
  9.2267744e-02
  2.0472489e-02
  1.8949654e-03
 -3.5703994e-02
 -2.2409782e+00
 -2.9380590e-01
  1.4437849e-02
  3.7092549e-01
  5.0618809e-02
  3.6531177e-01
  8.2005542e-03
 -6.9505640e-04
 -1.2258429e-03
 -4.1079063e-02
  8.8658297e-01
 -1.9312935e-02
  4.0092845e-02
  9.6829988e-02
 -7.0529864e-03
  3.3172613e-01
  2.6104836e-02
 -8.7064549e-02
 -6.9308276e-03
  4.9719974e-02
  3.9814055e-02
  2.7695032e-02
  2.7515339e-02
  1.4390882e-02
 -7.0805540e-03
  1.4610468e-02
 -5.2075390e-02
 -5.7053212e-03
 -3.8405012e-02
 -3.4819802e-04
  4.3364975e-01
 -7.0062978e-03
  8.8630833e-02
 -4.8479326e-02
  8.9415687e-01
  1.3730247e-02
 -7.9006389e-02
  1.9542379e-02
  1.1051152e-03
 -3.2634339e-03
 -7.2144523e-02
 -3.3443585e-02
 -1.3939332e-02
 -1.5930623e-01
  1.1153230e-01
  3.8268913e-03
 -1.9567169e-02
 -1.9310752e-03
  1.4122156e-02
  4.0505998e-02
 -4.8364288e-01
  3.3049449e-02
  8.7946579e-03
 -2.1453792e-02
 -2.2047890e-02
 -3.5985872e-02
  1.7022332e-02
 -1.0501646e-01
  4.9108784e-03
  7.7076219e-03
  3.4279812e-03
  2.9752614e-02
  4.6752856e-04
  1.9234169e-02
  3.2273572e-02
  7.7264761e-03
 -6.3706763e-02
  8.9339510e-02
  1.7081870e-02
 -7.1335305e-04
  9.3664236e-02
 -5.8478530e-02
  8.3955908e-03
 -7.1123712e-02
 -1.7975196e-02
 -4.4907920e-02
 -2.1114878e-02
 -6.1926045e-02
 -5.2740730e-02
 -3.4437634e-02
  1.1197235e-02
 -7.2565362e-02
  5.0635200e-02
  6.9654249e-02
  5.5048447e-03
  5.9550427e-02
  4.3631731e-05
 -8.1998229e-02
 -7.1273660e-03
 -2.2790410e-02
 -1.9788359e-01
 -1.3213965e+00
  2.3181259e-03
  1.4906948e+00
 -2.4085879e-02
  4.3689344e-02
  1.2553335e+00
  3.1218579e-02
 -1.8029334e-01
  4.9998187e-02
 -4.8246514e-02
 -4.3986794e-03
 -2.4466978e-02
 -1.1758426e+00
 -1.4956070e-02
 -2.5121257e-01
  4.5825962e-02
 -2.9945264e-02
  2.0886710e-01
 -9.3050739e-03
 -2.4317008e-01
  7.9473972e-01
 -5.2468181e-02
 -2.5795254e-01
 -6.4934418e-02
 -9.0434570e-03
 -2.6788972e-02
  6.5096185e-02
 -4.4606719e-02
 -1.2499847e-01
  1.9319564e-01
 -2.1225043e-01
 -2.6666896e-02
 -4.0997565e-02
 -5.4833191e-03
  1.1091900e-02
  3.4837520e+00
  1.6787075e-02
 -1.4631032e-02
 -4.5132847e-04
  2.2173228e-02
 -7.4081264e-02
  8.2641514e-03
  1.3006273e-04
  1.5233197e-02
  2.2238100e-02
 -1.5758410e-02
  6.7773098e-03
 -1.7310638e-02
 -6.1015382e-02
 -1.0337712e-01
 -9.0208575e-02
 -8.3111912e-02
 -4.4007853e-02
  6.0890974e-03
  2.4186831e-02
 -5.4217603e-02
 -2.9750446e-02
 -1.1207010e-02
  2.9081088e-02
 -2.3391429e-01
  9.6661421e-03
  5.4364423e-03
 -4.4807121e-03
 -9.2051834e-02
 -1.4373337e-02
  5.0350957e-02
  2.4688102e-02
 -1.5272767e-02
  5.6277465e-02
 -3.9497625e-02
 -1.2673324e-02
 -4.7669769e-03
 -5.3537306e-03
 -8.5175410e-02
 -2.2026708e-03
  1.8622685e-02
  8.1104390e-02
 -5.1741279e-03
  4.7302499e-02
 -7.9723252e-03
 -5.5374522e-03
  2.4958692e-02
  4.7306590e-02
  1.7201699e-01
 -8.2754772e-03
 -2.0189473e-02
  1.6160781e-02
  2.9038836e-03
  1.4308542e-01
 -8.2489522e-03
  5.6778613e-02
  1.0420079e-04
  2.5632840e-03
  1.0770350e-02
  8.3407253e-02
  7.9054616e-02
 -8.2550198e-01
  2.2662399e-02
  4.1690968e-02
  1.4847131e-01
 -3.6040951e-02
 -4.2929232e-02
  4.8822660e-02
  6.4893395e-02
  2.8466051e-02
  9.7973175e-02
  5.7691462e-02
 -1.1961306e-02
  5.3945142e-03
  8.1403129e-02
  6.9888180e-01
 -6.5506652e-02
  4.3695299e-03
  5.2035987e-02
 -8.2475971e-03
  1.5206494e-02
  2.3277309e-02
 -3.3142762e-03
 -9.8915035e-01
  3.8844761e-01
 -6.5060008e-01
  4.7426140e-01
  3.0959749e-01
 -1.7748242e-02
 -4.2934844e-01
  1.8497124e-02
  2.0294631e-02
 -1.8418315e-01
  4.4596154e-02
 -1.4260783e+00
  3.3729804e-01
 -2.8654456e-01
 -3.7646496e-01
 -1.8392929e-01
  2.6093346e-01
  4.4742998e-02
 -4.9806137e-02
  3.4518775e-01
 -9.6787751e-02
 -6.9110757e-01
  4.5210004e-02
 -6.1331969e-03
  1.0992765e-01
 -4.6602108e-02
 -1.3826725e-02
  5.1022675e-02
  1.7646128e-02
  9.4256759e-01
 -5.4762232e-01
  5.7254642e-01
  1.1683708e+00
 -1.0051301e-01
  4.3500981e-01
  1.2961734e-03
 -1.3106205e+00
  7.9217607e-01
 -5.7019167e-02
 -1.3470425e-01
 -2.7048362e-02
 -2.7331479e+00
  5.5421746e-01
 -2.9478294e-01
 -2.0649947e-01
  1.5617043e-02
 -5.1347446e-01
  9.3022034e-02
  8.8981092e-03
  2.3479585e-01
 -1.9832486e-01
  9.7072017e-01
 -2.9407656e-02
  2.4289351e-03
 -2.4150781e-01
 -8.9839824e-02
  9.0052485e-02
  8.8798150e-02
  1.4095014e-02
  8.0801230e-03
 -4.0337227e-02
 -1.2387979e-01
  1.1311851e+00
  1.5615216e-02
  1.4388862e+00
  8.1054668e-04
  2.3024437e-01
  8.4258324e-01
  1.3436621e-02
  1.3501803e-02
  5.6644857e-02
 -3.9969301e-01
 -6.1335689e-01
 -1.6724512e-02
  4.9542882e-02
 -1.8196729e-01
 -1.5785067e-01
 -1.8554259e-02
  4.5066810e-04
 -2.3985030e-02
 -4.8912805e-02
  1.8720156e+00
 -1.5775476e-01
 -4.3749433e-02
  1.1696874e-01
 -1.5671423e-02
  3.6185849e-03
  5.1251934e-03
  2.5988186e-02
  3.4172203e-02
  3.6370076e-02
 -3.4116256e-01
  3.7990946e-02
  9.5224261e-02
  7.1391433e-02
 -8.3655715e-02
 -2.0338520e-02
  4.9793467e-02
  2.9792308e-03
  9.7115356e-03
 -7.3964596e-02
  1.5655432e-02
  1.1149404e-01
 -2.3323569e-02
 -2.8178506e-02
  3.0385727e-02
 -2.1226177e-02
 -1.7149748e-02
  5.7268180e-03
 -1.3737341e-02
 -2.7518159e-02
  1.0573657e+00
  9.9869408e-03
 -8.4210373e-02
  1.6189476e-02
  5.3471960e-02
 -1.0416698e-02
 -2.1713121e-02
  4.1279290e-02
  2.3861472e-02
  2.2413772e-02
  1.1245091e-02
  1.1465209e-02
  3.2327749e-02
 -9.3130976e-02
  2.9858134e-03
 -2.1455074e-02
 -3.8841498e+00
 -4.4602647e-02
 -9.8582348e-03
  5.9677556e-02
  1.3373175e-02
 -6.4337902e-02
  2.3045080e-02
 -2.9904146e-02
  1.9104084e-02
 -6.3602537e-02
  1.1031600e-02
  5.9636221e-03
 -3.8872000e-03
 -5.0822273e-02
 -4.2918146e-02
 -2.8180121e-03
 -4.8225667e-02
 -6.9226334e-03
 -3.0246429e-02
 -3.5879731e-02
  4.4606768e-02
 -7.8513958e-02
  8.1960410e-05
 -5.0587431e-02
  6.0039371e-01
 -3.3028442e-01
  8.1342002e-03
  5.3883874e-01
  2.7798325e-01
  1.2029532e-01
 -3.0066338e-01
 -1.8806918e+00
 -3.5245827e-01
  3.7545258e-01
 -6.5569097e-01
 -4.0743263e-03
 -8.6532706e-01
  2.2021623e-03
 -8.1486821e-01
 -3.2351849e+00
 -1.0040605e+00
  8.3340155e-03
  4.4779339e-01
 -4.8801655e-01
 -3.5937250e-01
  7.3286211e-01
 -2.0820881e-01
 -1.3005100e-01
  2.1153323e-02
  1.9809884e-01
  1.4329386e-01
 -5.5117335e-02
  1.7572364e-02
  5.5508841e-02
 -5.1131254e-01
 -2.6423106e-01
  1.1038936e+00
 -4.0040118e-01
  3.2407291e-02
  1.1257283e-01
 -4.3503474e-02
 -4.9316224e-01
 -7.9460698e-04
  7.4728228e-02
  3.9738762e-01
 -9.1390209e-03
 -7.1355677e-03
  9.9012963e-03
 -1.7432898e+00
 -1.8349057e+00
  5.5460259e-03
  7.4551195e-02
  6.7023084e-02
  2.1228276e-01
  2.8001750e-01
  3.6294155e-03
 -4.7733607e-03
 -6.9943778e-02
 -5.1166775e-04
  9.2209345e-01
  1.9572719e-03
  1.9065456e-02
 -1.4796929e-02
  7.2120994e-02
  2.5539461e-01
 -5.6511116e-01
  1.0998458e-02
 -1.2072074e+00
 -8.9100318e-04
  1.9068007e+00
  2.8863326e-01
  7.8938857e-02
 -8.0498448e-03
  1.6226461e-02
 -3.9775189e-02
  7.4074590e-01
 -3.7060749e-02
  2.2031924e-02
 -1.7501646e-01
  6.0160714e-01
 -1.6620685e-01
  2.1736115e-02
 -1.1564364e-01
 -6.3522272e-02
 -1.3307713e+00
 -2.2947585e-02
 -4.1068662e-03
  2.4931679e-02
 -6.7285411e-02
 -6.0373116e-02
 -8.3580641e-03
 -6.6799426e-04
  7.3445528e-03
 -2.2913198e+00
 -3.2494962e+00
 -8.1215757e-01
  1.8626063e+00
  2.5372539e+00
  9.7578537e-01
 -2.4713771e-01
  5.2085084e-01
 -1.6193893e-02
 -1.8616991e+00
  5.3911656e-01
  1.7545494e+00
  5.0783575e-01
  5.2748418e-01
 -1.7491266e+00
  2.2788048e+00
  3.5868492e+00
  9.7632778e-01
  5.3953320e-01
 -9.5504165e-01
  2.4968107e+00
  1.4880952e+00
  5.4120618e-01
 -1.5052442e-01
 -1.3537976e+00
 -3.0860506e-02
 -1.9162425e-01
 -3.1043670e-01
  2.2145320e-02
 -2.6790384e-02
  9.1975536e-03
  1.4854410e-01
 -1.3105618e+00
  9.5072709e-02
 -3.5418838e-01
  3.4882691e-02
  5.7800766e-02
  1.3752796e-01
 -5.6287758e-02
 -1.7196864e-02
  1.2381295e-01
 -2.1138890e-01
 -3.9753478e-02
  1.1414478e-02
  1.2699735e-01
 -1.2699738e-01
 -1.0811910e-01
  1.9004931e-03
  8.4414659e-03
 -4.0184673e-02
 -6.9527449e-03
 -2.1552052e-02
 -3.6037553e-02
  2.9263338e-03
  2.5613926e-02
  3.0276831e-02
 -5.6834042e-02
 -1.4945774e-02
  8.2835756e-02
  7.2117493e-04
  1.5332583e-02
  6.6450275e-02
 -2.8021378e-02
 -4.9620215e-02
 -9.9453591e-02
 -5.9320297e-02
 -1.3218049e-02
  4.0079445e-02
  2.1545600e-02
  3.4288440e-02
 -1.1644001e-02
 -5.3947072e-02
  1.7716253e-02
 -1.1759000e-01
  1.2108891e-02
 -1.8869855e-02
 -5.8901265e-02
  3.9555013e-02
 -4.5264468e-02
 -1.7692905e-02
 -2.6697362e-02
  2.1934777e-02
  4.0211730e-02
  3.4219466e-02
 -1.7170971e-02
  3.5997578e-03
 -1.0520501e-02
  4.5088742e-02
 -5.6801885e-02
  8.1581362e-03
  7.2966948e-02
  1.1068050e-01
  8.7398952e-01
 -3.5433775e-01
  1.2755158e+00
 -2.8859397e-02
 -5.9929961e-01
  2.1577921e+00
  9.0505116e-02
  4.8868486e-01
  2.9732475e-02
  2.4352753e+00
 -1.3327196e-01
  6.7875743e-01
  3.0016294e-01
 -6.2992114e-01
  7.4997449e-01
 -9.7614907e-02
 -2.4933068e-02
 -2.2853339e-01
 -2.0178257e-01
  2.3933192e-01
 -6.3334234e-02
  9.0927072e-02
  1.7908540e-02
 -5.2445695e-02
  1.0815946e-02
  2.7229309e-02
 -1.5456034e-02
  1.6273854e-02
  1.0071563e-02
  4.0128368e-01
  1.1518303e-03
 -7.1527600e-02
 -4.7461972e-02
 -2.1301580e-03
 -3.1660486e-02
 -1.9155115e-02
  3.0582765e-02
  3.9389603e-02
 -8.4580548e-02
 -1.8310477e-03
  1.1986863e-02
 -2.8863814e-02
 -7.9330459e-02
  6.4006962e-02
 -7.6476872e-02
  3.4630507e-02
 -1.7769920e-03
  3.1778939e-02
 -9.5885270e-04
 -3.6498782e-01
 -7.0526183e-02
 -9.2914226e-03
  1.1083203e-01
 -1.2077250e-02
 -1.3513151e-01
  4.3250397e-03
  6.9909751e-02
 -9.2964612e-02
  1.4274220e-01
 -6.2225980e-01
  8.3685070e-02
  6.6469712e-03
  3.6254433e-01
  3.8646709e-02
  3.7696692e-01
 -1.8318089e-02
 -4.3570325e-03
  2.2787405e-02
 -2.7174765e-02
  3.1813455e-01
 -2.9466987e-01
  7.0662715e-02
  1.6599638e-02
 -5.3851537e-02
  2.8755715e-01
  6.0772099e-02
  2.8954566e-02
  6.0002203e-03
  7.1561919e-03
  1.3493818e-01
  6.8014212e-02
  6.3987244e-03
  6.2991031e-02
  3.4904361e-03
  9.1875464e-02
 -9.4641764e-03
  5.0481004e-03
 -1.5918605e-02
  3.2287858e-02
 -2.7544728e-01
  1.2063392e-01
 -1.4942390e+00
  2.3270613e-01
 -2.8498215e-03
 -2.0519726e+00
 -2.3427294e-03
  7.8104533e-02
 -4.0025529e-02
  3.8663965e-02
  4.0238746e-04
 -1.3936859e-01
 -1.0174098e-01
 -1.5819538e-02
  1.0597002e-01
  1.1322599e-01
 -5.9510097e-02
 -1.1231456e-02
 -1.8467505e-02
  5.2550610e-02
  6.9698594e-03
 -9.5564546e-03
 -3.6911268e-02
 -1.6804368e-03
 -1.6814737e-02
  1.2265477e-02
  4.6766706e-02
 -9.4303740e-03
  5.0679999e-03
 -2.7911899e+00
 -3.1122413e+00
 -2.0951042e-01
  1.1497552e+00
 -1.8092084e-01
  8.8260435e-02
 -3.7584066e-01
  5.6695724e-01
 -9.5543540e-01
 -1.3854759e-03
 -4.3481756e-02
 -1.3081888e+00
  2.8347147e-01
 -5.2238262e-01
 -9.5333958e-01
  2.4059238e-01
 -5.2013222e-02
  4.0681884e-01
 -8.7940276e-02
  2.3931219e-01
 -4.5393500e-02
 -1.0513560e-01
 -7.3816597e-02
 -6.3315636e-01
  2.8338756e-02
  1.1550892e-02
 -8.0035196e-04
  9.8487183e-02
  3.1182092e-02
  1.9605331e-02
 -6.9907159e-01
  5.3226781e-01
 -1.5753015e+00
  5.1682442e-01
 -4.8366580e-02
 -4.6995528e-02
  1.0403303e-01
  7.6852131e-01
 -2.0925421e-02
 -2.8565137e-02
  3.9687029e-01
 -2.0840096e+00
 -1.6759397e-02
 -6.8762797e-01
 -1.9145410e+00
 -8.1727572e-02
 -5.4073024e-01
 -6.6996969e-02
 -1.7832717e-02
 -2.6472585e-02
  1.4707132e-01
  1.5222655e-01
 -4.2884475e-01
  1.7966846e-03
 -3.2958869e-02
  2.8873952e-03
  1.4844013e-02
  8.1561729e-02
  2.1512030e-02
  1.9675046e-02
 -1.4144477e+00
 -4.6643904e-01
 -2.0180767e+00
  5.6471348e-01
 -1.8455279e+00
  5.2560598e-01
  4.2731884e-01
 -1.3680981e+00
 -9.2324954e-01
  1.0493349e+00
  1.4329689e+00
 -5.5224296e-02
 -9.2234170e-01
  1.2419374e-01
  7.3104382e-01
 -3.5584441e-01
  1.1321932e+00
  7.0082283e-01
  1.4989798e+00
  1.1837956e+00
  7.3158783e-01
 -1.4298297e+00
  1.9638250e+00
  2.4096389e+00
  8.5106617e-01
 -6.9956356e-01
  1.1405055e-01
  2.2921154e+00
 -1.4071000e+00
  2.0212038e+00
  1.6097093e+00
 -9.8780656e-01
  1.5147755e+00
 -1.2077108e-01
  1.1506818e-01
  9.3004233e-01
 -2.0362573e+00
  1.7717882e+00
  1.0800780e+00
 -2.0684524e+00
 -2.1598618e+00
 -2.4756946e-01
  2.1524291e+00
  2.3372593e+00
  4.2747641e-01
  6.0325384e-01
  4.1241321e-01
  5.5433375e-01
  1.0672182e+00
  8.8943291e-01
 -2.4851685e+00
 -3.5585287e-01
 -3.8803773e+00
  5.0092745e-01
  2.7382936e+00
  7.5432062e-01
 -8.7039083e-01
 -2.7862343e-01
 -2.4672143e-01
  2.7932689e-01
 -6.2475085e-01
 -2.2175987e+00
 -1.0654969e-01
 -1.9367365e+00
  7.8942764e-01
 -5.3267640e-01
  1.4358758e+00
  3.0541509e-01
  6.0617942e-01
 -1.2332090e+00
  2.8619346e-01
 -7.4622589e-01
 -1.5689213e+00
 -1.9059243e+00
 -2.3477967e+00
  1.1926751e+00
 -4.5089665e-01
  3.4708161e+00
 -2.3179902e-01
  3.1916435e+00
  4.0503728e-01
 -2.6190177e-01
 -1.2775327e-01
  1.2326192e+00
  9.6040964e-01
 -4.9232638e-01
 -1.7331622e+00
  5.8217329e-01
  3.2499161e+00
 -2.3800550e+00
 -3.2727191e+00
 -3.5723596e+00
  3.6075943e+00
  1.5449511e+00
 -9.8238462e-01
  2.0970996e-01
 -2.1436511e-01
 -2.6944008e-01
  1.3259399e+00
  2.1052094e+00
 -2.1111153e+01
 -1.0536026e-01
 -7.1801126e-01
 -8.9795262e-01
 -8.0283307e-02
  4.0907553e-01
  1.0596032e+00
 -1.2184069e+00
 -1.8179934e-01
 -3.7226620e-01
 -7.4193150e-02
  1.2274652e+00
 -5.1988417e-01
  1.5008045e+00
  2.2509614e-01
  1.5663520e+00
  1.0982441e+00
  7.5232178e-01
  1.8999214e+00
 -7.9810292e-01
  1.0600686e+00
 -6.5811390e-01
 -4.2884836e-01
 -1.7816751e-01
 -5.2741075e-01
  8.9612401e-01
 -1.2311009e+00
 -8.7444276e-01
  3.8663140e-01
  9.2045480e-01
  6.2814373e-01
  1.7659162e+00
  5.7626641e-01
 -1.2240415e-01
  7.4115670e-01
  3.3447161e-01
  8.0208170e-01
  5.5477715e-01
 -3.0959162e-01
  6.0094094e-01
  2.1003590e+00
 -2.4529605e+00
 -2.1683738e+00
  2.6468873e-01
  6.5750822e-02
 -3.0372443e-02
 -2.3372641e-01
  1.4748137e+00
 -1.8611022e+00
 -4.8841974e-01
  6.3134414e-01
 -8.5748786e-01
 -5.5315107e-01
 -9.9372017e-01
 -2.9974618e+00
 -1.7393597e+00
  1.3194257e+00
  6.2759781e-01
 -3.9602196e-01
 -4.7113305e-01
 -3.5908949e-01
  1.1372075e+00
  4.5880929e-01
  4.9104521e-01
  4.1028580e-01
  1.8318282e-02
 -1.0996580e+00
 -2.6195903e+00
 -2.8154489e-01
 -1.0059037e+00
  9.7933644e-01
 -2.8300092e-01
  2.3165719e-01
  4.8174170e-01
 -3.6124992e+00
  2.5496991e+00
  9.2207551e-01
  3.3860059e+00
  3.2858381e+00
 -8.5369879e-03
 -5.1962193e-02
  1.3893880e-01
 -7.1491826e-01
  1.4574510e+00
  3.0722594e-01
 -1.7118756e-01
  2.0114662e-01
 -2.2471712e+00
  4.3181139e-01
  4.3585334e+00
 -1.2513199e+00
 -8.9400567e-02
 -2.1058409e-01
  1.3880083e-01
 -3.7868914e-01
  1.1087500e+00
 -1.5094573e+00
  5.2101308e-01
  1.7467557e+00
  7.7302754e-01
 -7.3826331e-01
 -2.4870378e-01
  3.8981702e+00
 -9.1951102e-01
 -4.2623723e-01
  1.9274120e-01
  1.6225080e+00
 -1.4125755e+00
 -3.0474386e-01
  1.8161967e+00
 -1.0312575e+00
 -5.2526134e-01
 -1.1024776e+00
  2.3265429e+00
  4.7944778e-01
  2.6785543e+00
  1.3054655e+00
 -2.6077511e+00
  8.1965679e-01
  2.0299528e+00
  2.2209050e-01
  4.0980673e-01
  2.4536147e+00
  2.1062582e+00
  4.0327114e-01
 -8.4633857e-01
  2.0005813e+00
  1.2431459e+00
  5.7304382e-01
  8.9219362e-01
 -2.6664081e+00
 -7.7714986e-01
 -9.8032737e-01
  2.2179671e-01
  2.2735411e-01
 -3.7454629e+00
 -5.4679310e-01
 -2.2461103e-01
  4.1747675e+00
 -9.7694325e-01
  4.9405894e-01
 -1.7257444e+00
  5.0971663e-01
 -6.4516658e-01
  1.2562184e+00
 -7.3910445e-01
  2.4360487e+00
  1.0486890e+00
 -1.7126951e+00
  2.0091822e+00
  5.6624979e-01
  2.0460691e+00
  2.5047797e-01
 -2.0211906e+00
 -5.2331048e-01
 -4.2511430e-01
  4.6252137e-01
  5.5463576e-01
  1.1489186e+00
  1.0131239e+00
  1.2834851e-01
 -4.0721980e-01
 -1.2424186e+00
  1.8716447e+00
  3.5363159e-01
  1.5447164e+00
 -1.1744840e+00
 -1.3641571e+00
  1.0788912e+00
  1.3681906e+00
 -2.9843976e+00
 -6.1733209e-02
  1.8931282e+00
 -8.7607938e-01
  1.5738086e-01
 -1.9793186e+00
 -2.3789659e-01
 -7.0603043e-01
  1.2127830e+00
  3.7868208e-01
  6.9699675e-01
  3.6454770e-01
  2.5774796e+00
  4.7122693e-01
 -4.0659860e-01
  6.5378439e-01
  2.0570017e-01
  7.5288914e-02
 -2.0141862e-02
  2.4522383e+00
 -8.9112020e-01
  3.9909598e-01
  1.3470078e+00
 -3.3582610e-01
  1.9023471e-01
 -1.8078200e+00
 -2.6245138e-01
 -1.5737779e+00
  6.3772112e-01
 -1.0847913e+00
 -3.6441329e+00
  2.7076739e-01
 -1.7085470e+00
  9.5840371e-01
 -2.1993766e+00
 -6.8269217e-01
 -2.6613224e+00
 -3.7196979e-02
  1.5509366e+00
 -2.2312107e+00
 -5.8756858e-01
 -1.2853174e-02
  2.2457223e+00
 -1.2456359e+00
  3.9403340e-01
 -1.2052900e-01
  8.9837503e-01
 -5.5193865e-01
 -1.7587683e+00
 -1.8055160e+00
 -5.0267905e-01
 -1.6327858e+00
  1.4227124e+00
 -4.9362459e+00
 -2.2920883e+00
 -5.3795695e-01
 -1.4616283e+00
  3.7594793e+00
  7.0392263e-01
  5.6804174e-01
  2.5206554e-01
  3.7533114e+00
  5.2153128e-01
  2.7206075e+00
  3.4648428e+00
 -1.8012085e+00
 -1.8085963e+00
  8.5793942e-01
  6.8240064e-01
 -3.2032094e+00
 -8.3168380e-02
 -2.1934237e-01
 -6.6198462e-01
 -1.1916977e+00
  8.9286453e-01
 -1.9435367e-01
 -6.0912126e-01
  5.6432116e-01
  7.2885603e-01
 -8.3255261e-02
  3.1542251e+00
  8.1494814e-01
 -1.7807263e-01
 -4.0884066e-02
  2.1977110e+00
  7.9627138e-01
  1.4808346e-01
  1.7028816e+00
  3.2894950e+00
 -1.2154636e+00
  1.6139367e+00
  4.0417385e-01
 -2.5051425e+00
 -7.3534966e-01
 -3.9410005e+00
  8.2946104e-01
 -1.2217559e+00
 -1.1239487e+00
  1.3060369e+00
 -2.4455747e-01
  1.2059170e+00
  4.1225237e-01
  1.9177240e+00
 -8.3891171e-01
 -2.4977655e+00
 -5.0356627e-01
  1.1960267e+00
 -3.0297279e-01
 -4.8216733e-01
 -6.3040411e-01
  7.6635361e-02
  4.5625809e-01
  9.5937842e-01
 -8.6843699e-02
  9.2345107e-01
  4.7961211e-01
  1.5783021e+00
  1.0455244e+00
  6.4014143e-01
  1.1437374e+00
  3.7985831e-01
 -1.4958881e+00
  4.4960850e-01
 -1.6062701e-01
  1.7479018e+00
 -1.1934687e+00
  2.4657230e-01
 -1.3184592e+00
  3.4549672e-02
  1.8890887e+00
  1.2282023e+00
 -1.3546792e+00
  7.6557094e-01
  5.7981205e-01
 -1.0153153e+00
 -1.5373712e+00
  2.9617476e-01
 -4.8881963e-01
  1.4300378e-01
  4.8974533e+00
 -2.5520349e-02
 -6.4625835e-01
 -4.8814169e-01
  1.1188341e+00
 -1.9139589e+00
  5.5227935e-01
 -2.6573640e-01
 -1.7094091e+00
 -2.2755432e+00
  1.0237724e+00
 -9.7088462e-01
 -4.5782533e+00
 -5.2575922e-01
 -5.7942247e-01
  4.3938883e-02
 -8.4772849e-01
 -2.5681748e+00
 -9.6203673e-01
  6.7659247e-01
 -9.4280297e-01
 -1.0725144e+00
  3.9144423e+00
  1.3326764e-01
  4.8448305e+00
  3.0218534e+00
 -3.1680925e+00
  4.6128190e-01
  1.4189022e+00
  9.0092683e-01
 -9.1081917e-01
 -1.7504015e+00
 -3.7838225e+00
  3.7698463e-01
 -5.1692691e-02
  1.0625184e+00
 -2.6652131e+00
 -1.4720716e+00
  9.7996706e-01
  2.6551752e+00
 -6.1672044e-01
  3.5930267e-01
 -6.0318434e-01
  4.3573126e-01
  1.0847641e+00
 -6.2683368e-01
 -6.0621876e-01
 -2.2704630e+00
 -5.6764197e-01
  1.1530318e+00
 -9.5237277e-02
 -4.9433982e-01
  1.5593815e-02
  1.5593815e-02
  1.5593815e-02
  1.5593815e-02
  1.5593815e-02
  2.9999370e-02
  2.9999370e-02
  2.9999370e-02
  2.9999370e-02
  2.9999370e-02
  1.0739801e-02
  1.0739801e-02
  1.0739801e-02
  1.0739801e-02
  1.0739801e-02
  8.1536137e-03
  8.1536137e-03
  8.1536137e-03
  8.1536137e-03
  8.1536137e-03
  8.4187640e-03
  8.4187640e-03
  8.4187640e-03
  8.4187640e-03
  8.4187640e-03
  3.6980116e-03
  3.6980116e-03
  3.6980116e-03
  3.6980116e-03
  3.6980116e-03
